546
105
235
225
650
21
159
192
269
753
738
972
613
140
447
777
221
921
123
544
868
182
747
209
380
974
653
833
56
189
183
529
423
240
388
669
619
668
806
957
110
333
869
334
909
265
247
920
530
120
15
766
203
687
39
508
442
1
431
760
287
662
57
634
475
766
401
381
413
298
903
107
678
869
21
900
197
162
211
63
63
984
634
101
929
169
120
216
77
21
254
855
651
85
672
283
799
977
420
924
956
872
77
410
265
995
251
749
120
586
651
704
416
505
560
311
185
685
571
269
387
223
141
119
521
598
913
312
804
980
358
957
861
296
540
887
953
822
904
849
71
387
466
476
194
130
956
44
875
745
669
360
789
709
325
112
668
645
904
9
403
434
119
14
308
881
596
133
465
324
32
911
602
504
320
331
891
546
848
871
250
91
168
973
388
714
172
975
660
738
888
276
232
835
558
704
472
874
497
405
832
76
883
819
33
921
816
500
650
719
780
950
649
361
465
80
184
681
272
421
521
697
574
458
775
929
391
263
577
877
421
861
333
889
79
672
649
591
835
27
233
621
913
737
635
725
129
949
24
659
338
946
642
447
665
777
579
35
799
837
846
107
707
914
871
474
542
702
528
538
456
190
136
890
178
886
928
419
467
751
251
763
251
573
135
919
583
34
205
951
15
88
165
579
733
351
937
137
953
720
578
310
519
906
937
404
128
698
615
396
577
620
164
423
479
29
739
803
904
669
431
908
726
712
471
622
208
183
753
804
148
697
134
84
5
741
557
765
228
411
60
930
529
74
32
405
108
181
613
824
405
28
341
446
547
463
705
666
642
20
872
685
490
419
89
358
453
592
479
114
294
360
600
616
478
248
651
821
441
100
697
530
973
903
232
78
383
463
785
366
408
647
328
502
372
332
400
885
381
825
82
100
729
259
677
356
444
855
957
816
73
360
613
49
63
716
626
417
823
588
387
270
809
213
794
954
433
623
953
806
883
322
597
723
191
146
868
502
844
258
194
702
244
207
525
52
680
841
342
212
13
551
145
884
129
789
215
698
986
573
721
916
311
855
530
229
367
838
968
826
695
118
534
590
339
434
191
845
976
509
460
299
112
142
331
574
631
154
217
152
673
539
387
201
831
54
305
509
925
283
727
219
922
332
383
403
665
877
657
478
556
682
569
600
968
705
266
145
291
552
432
642
962
684
980
182
900
764
295
170
350
950
582
744
951
203
676
249
311
326
583
565
635
952
361
66
600
755
941
342
733
758
227
532
524
614
765
62
664
852
152
337
322
771
935
854
473
715
734
872
560
146
487
802
288
212
858
683
897
182
152
305
314
100
333
388
46
334
401
196
488
198
727
246
324
623
100
470
379
713
92
797
146
999
848
962
874
29
27
106
481
54
219
589
919
957
231
370
645
87
682
897
173
887
680
97
358
810
708
285
527
988
516
705
229
40
574
126
34
558
187
954
444
924
204
779
279
425
699
184
996
149
256
400
528
362
173
724
998
296
33
730
427
279
196
885
534
893
219
971
524
136
522
378
476
366
240
513
342
597
970
282
798
820
113
109
391
695
340
62
913
916
266
822
525
510
293
873
95
246
553
964
476
419
128
768
406
539
270
869
428
777
282
491
27
821
207
455
616
817
119
454
217
174
637
506
589
358
54
504
702
659
713
169
58
310
773
188
884
165
742
338
175
633
0
555
691
561
450
536
121
214
885
916
899
589
728
912
219
612
241
246
185
84
297
545
451
62
313
663
984
191
744
875
553
160
393
284
778
233
722
243
69
847
719
360
280
639
328
147
749
41
968
179
42
769
826
926
204
822
110
589
252
455
410
247
662
59
457
833
905
880
266
596
288
834
76
125
921
80
508
184
509
344
209
992
250
282
47
138
80
490
480
993
178
685
365
29
505
830
267
721
926
727
962
398
272
596
727
690
494
528
973
412
114
629
498
643
821
195
65
461
411
15
911
68
127
856
776
632
337
782
381
103
518
502
192
805
243
88
670
997
22
509
592
411
41
781
222
372
244
829
940
11
156
887
38
482
634
253
230
613
539
43
611
396
821
738
468
486
302
33
218
400
689
891
179
293
234
551
379
963
325
207
505
633
28
906
249
612
938
690
3
190
274
368
894
427
549
223
846
874
225
507
974
531
573
181
331
532
580
240
339
175
758
908
214
0
327
529
577
33
187
497
47
821
253
553
85
11
297
969
937
493
907
115
459
892
306
16
413
147
412
121
973
430
372
559
306
836
794
694
715
669
320
92
320
885
936
668