0
1
3
3
7
9
9
10
11
11
15
15
17
17
18
18
19
21
22
23
24
25
26
26
27
27
28
28
28
29
29
30
30
31
31
31
31
32
34
35
35
35
36
41
42
43
43
43
44
44
45
46
50
51
52
52
54
58
61
61
61
62
66
67
67
68
68
71
73
73
73
74
75
75
76
76
78
79
81
82
82
85
86
87
87
88
91
94
95
96
97
100
100
101
103
103
104
104
105
113
114
115
118
118
120
120
121
121
121
121
122
123
123
125
127
129
130
130
132
132
133
136
136
137
137
137
138
140
140
141
142
142
142
144
145
145
145
147
148
149
149
150
151
153
155
156
156
157
160
160
162
164
165
168
168
169
169
170
170
171
173
176
177
177
178
178
179
180
180
182
184
185
186
187
187
187
188
188
188
190
190
191
193
195
195
196
197
197
197
197
198
198
198
205
206
206
207
208
208
211
211
212
213
215
216
217
220
222
222
222
224
224
225
226
227
229
232
232
232
232
233
235
236
237
238
239
241
241
242
242
242
243
243
244
246
246
247
247
248
249
250
251
252
253
254
254
255
257
257
258
259
259
260
261
262
263
263
264
265
265
266
267
268
274
275
275
275
276
276
277
278
280
280
281
281
283
283
284
285
286
287
288
288
289
290
290
291
292
292
292
292
293
293
294
295
295
298
298
299
300
300
300
301
301
301
302
302
305
306
306
308
312
314
314
315
315
315
316
318
318
318
318
320
320
321
321
322
323
324
324
325
325
325
326
326
330
330
331
332
332
333
335
336
338
339
339
340
340
342
342
343
344
345
346
346
346
348
351
353
354
354
355
357
358
359
362
363
364
364
366
366
367
369
370
370
371
372
373
373
374
374
375
375
375
375
378
380
380
381
381
381
382
383
385
385
388
389
390
390
391
391
392
393
394
394
397
398
399
399
401
402
402
402
403
403
403
405
406
407
408
412
412
414
414
414
415
419
419
419
419
419
420
421
421
421
423
424
424
428
430
430
431
433
433
433
434
434
435
435
436
436
437
437
440
440
440
441
441
441
441
441
442
442
445
445
447
448
449
449
450
450
452
454
454
455
455
457
457
458
459
461
461
463
463
463
464
464
464
464
466
466
468
469
471
471
473
475
476
476
477
480
482
484
486
490
492
492
493
493
495
496
497
497
498
499
501
501
503
503
504
506
507
508
509
509
510
512
512
513
514
515
518
518
520
520
521
523
523
523
524
528
533
535
537
539
539
541
542
542
543
544
544
548
552
553
553
553
553
553
555
556
559
559
561
562
563
564
565
566
568
568
568
569
569
570
571
572
574
575
576
576
577
579
580
580
581
582
583
583
583
584
584
585
587
587
589
590
591
591
592
592
593
596
596
596
597
598
602
604
604
604
604
605
605
607
610
610
610
611
614
617
619
619
620
620
620
621
622
624
624
624
624
626
627
627
628
629
629
630
630
630
631
634
635
637
640
640
641
641
641
642
643
643
645
645
646
646
648
650
651
654
656
656
656
657
660
663
663
663
663
664
665
665
665
665
666
671
672
674
676
676
676
677
680
680
682
685
686
687
688
690
690
693
694
695
695
698
698
699
699
700
702
702
704
705
705
705
706
707
708
710
711
711
712
713
713
714
714
715
717
720
720
720
720
723
724
724
724
724
725
727
728
730
730
731
732
733
734
735
735
736
737
737
738
739
740
740
741
743
743
744
746
748
750
750
750
751
751
751
752
752
753
754
756
756
756
756
758
758
759
761
762
763
764
764
765
767
767
767
768
769
770
770
771
772
772
773
775
775
777
777
777
787
787
790
791
794
794
796
796
798
799
799
800
801
804
804
804
804
805
810
811
811
812
812
815
815
818
818
821
822
823
823
824
824
825
826
827
827
828
829
829
830
833
833
834
834
835
835
837
837
838
838
839
839
840
840
841
843
845
845
845
847
847
847
847
849
849
853
853
854
854
855
855
856
856
857
858
858
860
860
861
863
863
866
866
866
866
867
867
867
868
868
869
869
869
869
870
875
875
876
879
880
880
880
880
881
881
882
883
885
886
886
886
887
887
887
888
891
891
891
896
896
897
899
899
899
900
900
906
906
909
911
912
914
914
914
917
917
919
920
922
923
924
926
926
927
929
932
933
933
934
934
934
936
941
944
944
944
945
947
948
949
954
954
956
956
956
957
959
959
960
961
964
964
964
965
965
965
966
967
967
969
969
970
971
972
972
973
974
975
975
976
978
979
984
986
987
988
988
988
990
994
994
995
996
997
999
999
999