998
998
998
997
997
996
996
993
989
988
986
986
985
984
983
983
983
982
982
980
979
976
975
975
974
974
974
974
972
970
970
970
967
966
965
965
965
965
964
963
963
962
961
961
959
959
959
957
957
956
956
956
955
954
953
953
952
952
951
951
949
947
947
946
945
942
941
940
939
938
938
936
935
935
934
933
933
933
933
933
933
932
928
926
926
924
924
924
923
922
921
918
916
915
913
911
910
909
909
908
904
904
903
902
900
900
899
899
898
897
896
895
894
894
894
893
892
891
891
890
889
887
886
883
883
879
879
878
878
873
873
871
870
870
869
868
867
867
866
865
864
863
862
861
861
861
861
860
860
859
859
858
857
857
855
855
854
854
850
849
848
848
848
846
843
843
842
841
840
838
837
836
834
833
832
830
827
825
825
824
824
824
823
821
819
814
814
814
812
812
812
810
809
807
807
806
805
804
802
802
800
799
798
796
795
794
794
793
792
792
791
790
790
790
790
789
789
788
787
785
785
783
783
781
779
779
778
774
773
772
772
772
771
768
766
763
762
762
761
760
760
759
758
756
755
754
752
751
749
749
748
748
748
747
747
746
745
744
744
743
743
743
741
740
740
737
736
735
735
734
733
733
732
732
731
729
728
726
725
724
723
722
722
721
720
719
719
719
718
717
716
715
715
715
713
713
713
712
712
711
707
706
705
704
703
702
702
698
698
697
695
695
694
693
691
689
688
687
685
685
683
682
682
681
679
678
678
678
677
676
675
674
674
674
673
672
670
669
669
669
667
666
665
664
662
661
660
660
658
657
653
653
652
651
649
649
644
644
643
643
642
639
639
638
637
636
636
635
632
632
632
631
628
627
626
626
626
624
623
623
623
622
622
622
621
621
618
618
615
614
614
614
613
613
612
611
610
609
609
609
607
606
606
606
605
605
601
600
599
598
597
594
594
594
593
593
592
589
588
587
586
583
582
582
581
580
580
578
577
577
576
576
576
574
572
567
566
564
563
563
563
561
561
560
558
557
556
553
552
552
551
548
548
547
546
545
544
542
542
541
541
540
539
539
538
537
537
536
536
535
535
534
534
534
531
530
530
529
528
527
527
525
524
524
523
521
521
521
520
520
518
517
517
517
515
513
513
512
506
505
505
505
502
502
502
501
500
499
498
498
497
497
497
495
495
494
493
490
488
487
486
485
483
481
480
478
475
475
475
475
473
473
471
471
470
470
468
468
467
465
465
460
460
458
458
457
456
454
453
451
449
448
448
447
446
445
444
442
442
441
439
438
438
435
433
433
431
431
430
430
426
424
424
422
421
421
420
418
416
415
415
414
414
413
413
411
411
409
409
408
408
407
407
406
405
405
404
403
402
401
400
400
399
398
395
394
394
394
392
392
392
391
391
388
388
387
386
384
382
381
379
375
375
374
373
373
371
371
370
369
369
368
367
366
366
365
363
363
361
361
361
359
357
356
356
355
355
355
355
353
353
350
350
350
349
348
346
346
344
344
343
342
339
337
337
336
335
335
335
334
334
334
331
331
329
326
325
324
322
322
321
320
319
317
315
313
313
312
311
311
310
309
306
305
305
304
303
302
301
299
299
299
298
297
295
294
292
291
291
291
289
288
286
286
285
285
284
284
283
282
282
280
280
279
279
278
277
276
273
273
273
270
268
267
267
267
266
266
261
260
256
255
255
254
253
251
251
249
248
247
246
246
246
244
244
241
240
239
238
238
238
237
236
233
232
232
232
231
230
228
227
226
226
225
224
223
223
223
222
222
222
220
219
218
218
217
217
216
216
215
215
214
213
212
210
209
208
206
203
199
198
197
196
195
194
193
193
186
186
186
186
186
185
185
185
185
184
183
181
179
178
177
176
176
175
175
175
174
173
172
171
171
170
170
169
168
167
167
167
166
166
166
166
165
165
164
164
164
162
161
159
159
159
158
158
158
156
155
154
151
151
150
150
148
147
145
145
145
145
142
142
141
139
139
138
133
132
131
127
126
126
124
124
124
123
119
118
115
114
113
112
109
108
108
107
107
107
106
105
103
102
102
101
101
100
100
100
99
97
96
96
92
92
91
91
90
90
87
87
83
81
80
80
80
79
79
79
78
78
78
77
77
76
76
75
73
72
68
67
65
65
62
62
61
61
58
58
57
56
52
52
51
48
48
48
48
46
46
45
44
43
43
41
40
40
39
37
37
36
33
33
32
28
27
26
25
24
23
22
22
21
21
20
18
18
16
14
14
14
13
13
12
9
8
7
5
5
4
0
0