1
2
4
6
9
9
9
10
10
12
13
14
14
15
16
17
17
18
19
19
19
20
21
21
21
22
23
24
25
25
32
32
32
35
36
36
36
37
39
40
40
40
41
42
44
46
46
47
47
49
1
3
3
5
6
7
7
8
9
10
10
10
10
11
12
12
13
15
18
18
18
20
21
23
25
26
27
27
28
28
29
30
31
33
33
35
35
35
35
36
36
37
38
39
39
40
41
42
42
47
1
2
2
4
4
5
5
6
7
9
9
10
11
11
17
17
17
17
17
18
18
19
19
20
20
21
23
24
25
26
29
30
30
35
41
41
43
44
45
45
46
46
47
47
47
47
48
49
49
49
0
1
1
5
5
6
7
7
8
8
10
11
11
11
12
14
15
16
17
18
20
23
23
24
24
27
27
28
29
29
29
32
34
36
37
37
37
39
41
41
42
42
42
45
48
48
48
49
49
49
4
4
5
6
6
7
7
8
9
9
10
11
15
15
15
15
16
17
18
18
18
18
20
21
22
25
27
28
29
29
29
31
32
33
33
33
34
35
36
37
38
40
41
42
42
42
43
44
45
47
1
3
5
6
6
9
9
9
11
12
13
13
14
15
17
18
18
19
19
20
21
22
24
24
26
26
26
28
31
32
32
33
33
35
36
37
37
37
39
41
42
43
43
43
43
44
44
44
46
47
0
0
1
2
2
3
4
5
7
8
10
10
13
13
13
14
14
14
14
15
15
15
17
20
21
22
22
23
23
23
24
27
29
31
33
37
41
41
42
43
43
44
44
45
46
47
48
48
49
49
0
1
2
2
3
3
4
4
8
8
9
10
11
11
11
12
12
13
16
18
18
20
20
21
23
24
24
24
25
27
29
30
30
31
31
35
35
37
38
41
42
43
43
44
44
44
48
49
49
49
3
3
6
6
6
7
7
9
11
13
15
16
20
20
21
21
21
23
26
29
29
29
30
34
35
35
36
37
37
37
39
39
41
41
41
43
43
44
45
45
46
46
47
47
47
47
47
49
49
49
0
0
1
1
3
4
4
5
7
9
10
10
10
11
12
12
13
13
14
15
16
17
17
19
22
23
23
23
24
24
25
25
26
28
28
31
32
32
34
35
35
37
38
42
43
43
45
46
46
46
1
2
3
3
3
3
4
5
5
7
7
10
11
13
14
15
17
17
18
18
20
22
23
23
24
24
25
26
27
28
29
30
32
32
33
34
35
35
35
38
38
40
40
42
42
42
42
43
43
43
0
1
1
1
2
3
3
4
6
6
7
9
12
12
13
13
17
17
17
20
20
21
22
23
24
25
28
30
30
30
30
34
34
34
36
37
39
40
40
40
40
40
42
42
43
44
48
49
49
49
1
1
4
5
5
6
6
6
7
8
8
9
10
10
13
15
15
15
16
17
18
19
19
19
20
20
21
22
22
27
27
27
28
29
29
33
33
34
35
36
37
37
38
40
41
43
44
45
48
48
0
1
1
1
1
2
2
4
5
6
8
9
10
11
13
16
17
18
20
21
22
23
24
28
29
30
31
31
33
34
35
35
36
37
38
38
38
39
42
43
44
45
46
46
47
47
47
48
48
49
1
1
1
1
2
2
2
2
4
5
5
5
6
8
9
9
10
12
13
17
19
21
23
25
26
26
27
28
29
31
31
32
34
35
36
37
37
38
40
40
40
40
42
43
43
44
45
46
46
47
1
1
3
3
3
4
5
5
6
7
8
11
12
12
13
14
19
19
20
21
21
22
23
23
24
24
25
25
28
28
28
28
29
30
33
35
36
42
42
42
42
42
43
43
44
44
45
46
46
46
0
1
5
5
6
7
7
10
11
11
12
12
12
12
13
16
17
18
18
19
21
22
24
24
25
25
29
30
32
34
34
35
36
36
38
39
40
40
40
41
44
46
47
47
47
48
48
48
48
49
0
2
2
3
4
4
6
6
7
8
9
9
10
11
11
14
14
14
15
17
19
21
21
22
22
23
24
26
26
27
29
29
30
32
32
32
34
35
37
40
41
42
43
43
44
44
45
46
46
47
0
1
1
1
1
4
5
8
9
10
12
12
13
14
19
20
21
23
23
23
23
25
25
26
27
28
29
31
31
31
32
32
33
35
36
37
39
39
40
40
41
43
44
45
46
46
47
48
49
49
0
2
3
3
3
4
4
6
6
9
15
17
17
19
21
22
22
23
23
23
24
26
26
26
27
27
28
30
31
31
31
32
32
32
32
33
33
33
36
38
41
41
41
41
41
42
44
47
47
49